
30
LWK_1	0.0000000000	0.2245316936	0.2211204275	0.2548096291	0.1550649693	0.2121696981	0.2278730481	0.1987340618	0.1915355916	0.1912498170	0.2385690496	0.2518526615	0.2546912630	0.1971825676	0.2114810514	0.2257592138	0.2241322367	0.2399897043	0.2512564504	0.2488431624	0.2730774654	0.2189873568	0.2242885961	0.2088599661	0.2355550951	0.2304806051	0.2571357603	0.2247968728	0.2348045795	0.2272987753
LWK_2	0.2245316936	0.0000000000	0.2115838639	0.1563948554	0.2381872310	0.2245794692	0.2061990870	0.1729355026	0.2342902169	0.2058025336	0.2353019314	0.2501610412	0.2553279669	0.2485750620	0.2379241905	0.2568746670	0.2577814476	0.2526784503	0.2593787030	0.2550865578	0.2700258358	0.2367804366	0.2483356509	0.2447189445	0.2453368160	0.2506376081	0.2542376058	0.2355028488	0.2256607758	0.2540196000
LWK_3	0.2211204275	0.2115838639	0.0000000000	0.2238853938	0.1900428652	0.2211552804	0.2406002023	0.2117437661	0.2297611855	0.1429569591	0.2120738788	0.2094293681	0.2138005557	0.2149656796	0.2121840338	0.2287521082	0.2241933187	0.2100361647	0.2103702553	0.2183626524	0.2529592348	0.2287671028	0.2427108504	0.2288040287	0.2324128873	0.2355783954	0.2186199564	0.2045681170	0.2016424417	0.2411346924
LWK_4	0.2548096291	0.1563948554	0.2238853938	0.0000000000	0.2133244211	0.2455733747	0.2103993543	0.1854096645	0.2499954587	0.1920664448	0.1873529814	0.2035584459	0.2167576756	0.2037452608	0.1902947878	0.2213561658	0.2210395406	0.2026246469	0.2134242165	0.2118456375	0.2434848242	0.2056656617	0.2132958953	0.1983384396	0.2168328216	0.2086020175	0.2440134194	0.2059587189	0.1899237829	0.2160834411
LWK_5	0.1550649693	0.2381872310	0.1900428652	0.2133244211	0.0000000000	0.2066392556	0.2204014306	0.1917117438	0.2153642975	0.1779077427	0.1795884011	0.1969739744	0.2080302705	0.1782897146	0.1825794018	0.2028734398	0.1856827570	0.2066859156	0.2066603826	0.2098233889	0.2152828647	0.1823502666	0.1809369829	0.1663678864	0.1707339909	0.1745979749	0.1955099871	0.1709067355	0.1698535257	0.1915704533
LWK_6	0.2121696981	0.2245794692	0.2211552804	0.2455733747	0.2066392556	0.0000000000	0.2491540508	0.2139538226	0.2327823512	0.1997340659	0.2307725075	0.2393066449	0.2426088223	0.2358876453	0.2169634082	0.2517889004	0.2371090437	0.2432922044	0.2317581569	0.2421954543	0.2826062888	0.2278996097	0.2451499241	0.2424162533	0.2405673807	0.2428083456	0.2444061701	0.2291343313	0.2263885244	0.2470239404
LWK_7	0.2278730481	0.2061990870	0.2406002023	0.2103993543	0.2204014306	0.2491540508	0.0000000000	0.1531284321	0.2525984456	0.2006883641	0.2426324572	0.2510817408	0.2630874801	0.2394223889	0.2381717863	0.2346249112	0.2578359657	0.2546702301	0.2580961295	0.2622091935	0.2883648358	0.2341314337	0.2466059494	0.2400127359	0.2514285362	0.2437914294	0.2642007582	0.2413996434	0.2347026027	0.2527819115
LWK_8	0.1987340618	0.1729355026	0.2117437661	0.1854096645	0.1917117438	0.2139538226	0.1531284321	0.0000000000	0.2249306068	0.1604360980	0.2198209020	0.2406668038	0.2421469409	0.2225119733	0.2265499419	0.2249679111	0.2389090725	0.2390653768	0.2367074983	0.2389860868	0.2633989231	0.1953339155	0.2223395522	0.2262371686	0.2296275459	0.2155498827	0.2492734288	0.2082092216	0.2017802129	0.2295009628
LWK_9	0.1915355916	0.2342902169	0.2297611855	0.2499954587	0.2153642975	0.2327823512	0.2525984456	0.2249306068	0.0000000000	0.1895921487	0.2411383845	0.2271039682	0.2531854025	0.2322258703	0.2267834922	0.2439150858	0.2495836274	0.2444382394	0.2460226938	0.2499588098	0.2731093205	0.2129221103	0.2318859640	0.2361111913	0.2304638326	0.2232875505	0.2534520349	0.2227821817	0.2172586661	0.2367770751
LWK_10	0.1912498170	0.2058025336	0.1429569591	0.1920664448	0.1779077427	0.1997340659	0.2006883641	0.1604360980	0.1895921487	0.0000000000	0.2072911846	0.1937402090	0.2274232397	0.2101303970	0.2001216245	0.2280049810	0.2339068760	0.2200695108	0.2221257635	0.2320705742	0.2360967263	0.1998868935	0.2211409817	0.2088465390	0.2137825301	0.1991355442	0.2133790982	0.2095163104	0.1776176170	0.2315804573
TSI_1	0.2385690496	0.2353019314	0.2120738788	0.1873529814	0.1795884011	0.2307725075	0.2426324572	0.2198209020	0.2411383845	0.2072911846	0.0000000000	0.1198732343	0.1440071031	0.1628130476	0.1132859369	0.1501998165	0.1435041708	0.1394655851	0.1315137533	0.1284849120	0.1742367763	0.1257649606	0.1090019477	0.1036898744	0.1118485790	0.1207103493	0.1518851152	0.1232831945	0.1086099838	0.1273482745
TSI_2	0.2518526615	0.2501610412	0.2094293681	0.2035584459	0.1969739744	0.2393066449	0.2510817408	0.2406668038	0.2271039682	0.1937402090	0.1198732343	0.0000000000	0.1198893028	0.1696234091	0.1278620046	0.1507794804	0.1434681757	0.1380369760	0.1160078889	0.1304864268	0.1795684275	0.1425366930	0.1387670836	0.1439032791	0.1341229771	0.1203874202	0.1457068976	0.1376187621	0.1132637578	0.1655449839
TSI_3	0.2546912630	0.2553279669	0.2138005557	0.2167576756	0.2080302705	0.2426088223	0.2630874801	0.2421469409	0.2531854025	0.2274232397	0.1440071031	0.1198893028	0.0000000000	0.1378973875	0.1131491218	0.0878907435	0.1191380155	0.0902640781	0.0780984806	0.0991905497	0.2096971123	0.1724849282	0.1784847987	0.1785180922	0.1774379465	0.1679785573	0.1693300796	0.1359180200	0.1497162979	0.1905888503
TSI_4	0.1971825676	0.2485750620	0.2149656796	0.2037452608	0.1782897146	0.2358876453	0.2394223889	0.2225119733	0.2322258703	0.2101303970	0.1628130476	0.1696234091	0.1378973875	0.0000000000	0.1131821561	0.0929858248	0.1318428746	0.1069322508	0.1297414935	0.1441223993	0.2210164844	0.1415189640	0.1698656617	0.1461431514	0.1901696733	0.1813291139	0.1759231705	0.1375135726	0.1524548504	0.1540192089
TSI_5	0.2114810514	0.2379241905	0.2121840338	0.1902947878	0.1825794018	0.2169634082	0.2381717863	0.2265499419	0.2267834922	0.2001216245	0.1132859369	0.1278620046	0.1131491218	0.1131821561	0.0000000000	0.1102065835	0.1191458328	0.1106280173	0.1119264100	0.1255144209	0.1904189416	0.1381062965	0.1537534427	0.1340346313	0.1644186909	0.1499517888	0.1568789963	0.1274497749	0.1252855540	0.1484945055
TSI_6	0.2257592138	0.2568746670	0.2287521082	0.2213561658	0.2028734398	0.2517889004	0.2346249112	0.2249679111	0.2439150858	0.2280049810	0.1501998165	0.1507794804	0.0878907435	0.0929858248	0.1102065835	0.0000000000	0.1223631646	0.0890648328	0.0915785501	0.1082304376	0.2144608427	0.1457831458	0.1742131157	0.1577731010	0.1906273630	0.1752466836	0.1714012969	0.1232482477	0.1330549000	0.1612990973
TSI_7	0.2241322367	0.2577814476	0.2241933187	0.2210395406	0.1856827570	0.2371090437	0.2578359657	0.2389090725	0.2495836274	0.2339068760	0.1435041708	0.1434681757	0.1191380155	0.1318428746	0.1191458328	0.1223631646	0.0000000000	0.1276546167	0.1043130992	0.1131580177	0.2042212532	0.1576483105	0.1651257865	0.1513351227	0.1758193332	0.1773418470	0.1915417032	0.1416306789	0.1428914172	0.1509354758
TSI_8	0.2399897043	0.2526784503	0.2100361647	0.2026246469	0.2066859156	0.2432922044	0.2546702301	0.2390653768	0.2444382394	0.2200695108	0.1394655851	0.1380369760	0.0902640781	0.1069322508	0.1106280173	0.0890648328	0.1276546167	0.0000000000	0.0857484774	0.0973346535	0.2162213555	0.1601781215	0.1809791467	0.1679870128	0.1864354627	0.1759159725	0.1778627794	0.1299202970	0.1451342521	0.1749784476
TSI_9	0.2512564504	0.2593787030	0.2103702553	0.2134242165	0.2066603826	0.2317581569	0.2580961295	0.2367074983	0.2460226938	0.2221257635	0.1315137533	0.1160078889	0.0780984806	0.1297414935	0.1119264100	0.0915785501	0.1043130992	0.0857484774	0.0000000000	0.0734356106	0.2136582999	0.1545144641	0.1774345090	0.1652523278	0.1811282058	0.1703361477	0.1842610009	0.1308116632	0.1368744371	0.1707809463
TSI_10	0.2488431624	0.2550865578	0.2183626524	0.2118456375	0.2098233889	0.2421954543	0.2622091935	0.2389860868	0.2499588098	0.2320705742	0.1284849120	0.1304864268	0.0991905497	0.1441223993	0.1255144209	0.1082304376	0.1131580177	0.0973346535	0.0734356106	0.0000000000	0.2106781350	0.1532499877	0.1789264033	0.1661558974	0.1797175909	0.1832894252	0.1916288531	0.1399254519	0.1413652523	0.1716549648
PEL_1	0.2730774654	0.2700258358	0.2529592348	0.2434848242	0.2152828647	0.2826062888	0.2883648358	0.2633989231	0.2731093205	0.2360967263	0.1742367763	0.1795684275	0.2096971123	0.2210164844	0.1904189416	0.2144608427	0.2042212532	0.2162213555	0.2136582999	0.2106781350	0.0000000000	0.1774456032	0.1607104782	0.1638641543	0.1517721078	0.1569959578	0.1921405400	0.1814027619	0.1461511440	0.1913883948
PEL_2	0.2189873568	0.2367804366	0.2287671028	0.2056656617	0.1823502666	0.2278996097	0.2341314337	0.1953339155	0.2129221103	0.1998868935	0.1257649606	0.1425366930	0.1724849282	0.1415189640	0.1381062965	0.1457831458	0.1576483105	0.1601781215	0.1545144641	0.1532499877	0.1774456032	0.0000000000	0.1143400413	0.1226246118	0.1222635677	0.1253256279	0.2001058161	0.0905225232	0.0906030198	0.0990628843
PEL_3	0.2242885961	0.2483356509	0.2427108504	0.2132958953	0.1809369829	0.2451499241	0.2466059494	0.2223395522	0.2318859640	0.2211409817	0.1090019477	0.1387670836	0.1784847987	0.1698656617	0.1537534427	0.1742131157	0.1651257865	0.1809791467	0.1774345090	0.1789264033	0.1607104782	0.1143400413	0.0000000000	0.0721896543	0.0812614958	0.0807804558	0.1612632653	0.1158329230	0.1186768910	0.0913974423
PEL_4	0.2088599661	0.2447189445	0.2288040287	0.1983384396	0.1663678864	0.2424162533	0.2400127359	0.2262371686	0.2361111913	0.2088465390	0.1036898744	0.1439032791	0.1785180922	0.1461431514	0.1340346313	0.1577731010	0.1513351227	0.1679870128	0.1652523278	0.1661558974	0.1638641543	0.1226246118	0.0721896543	0.0000000000	0.1131224166	0.1021670178	0.1641742583	0.1069036599	0.1148127153	0.0791591913
PEL_5	0.2355550951	0.2453368160	0.2324128873	0.2168328216	0.1707339909	0.2405673807	0.2514285362	0.2296275459	0.2304638326	0.2137825301	0.1118485790	0.1341229771	0.1774379465	0.1901696733	0.1644186909	0.1906273630	0.1758193332	0.1864354627	0.1811282058	0.1797175909	0.1517721078	0.1222635677	0.0812614958	0.1131224166	0.0000000000	0.0768286846	0.1488813628	0.1307102617	0.1288735565	0.1314596492
PEL_6	0.2304806051	0.2506376081	0.2355783954	0.2086020175	0.1745979749	0.2428083456	0.2437914294	0.2155498827	0.2232875505	0.1991355442	0.1207103493	0.1203874202	0.1679785573	0.1813291139	0.1499517888	0.1752466836	0.1773418470	0.1759159725	0.1703361477	0.1832894252	0.1569959578	0.1253256279	0.0807804558	0.1021670178	0.0768286846	0.0000000000	0.1551367599	0.1105170712	0.1117708777	0.1396928696
PEL_7	0.2571357603	0.2542376058	0.2186199564	0.2440134194	0.1955099871	0.2444061701	0.2642007582	0.2492734288	0.2534520349	0.2133790982	0.1518851152	0.1457068976	0.1693300796	0.1759231705	0.1568789963	0.1714012969	0.1915417032	0.1778627794	0.1842610009	0.1916288531	0.1921405400	0.2001058161	0.1612632653	0.1641742583	0.1488813628	0.1551367599	0.0000000000	0.1884983784	0.1630454639	0.1809560545
PEL_8	0.2247968728	0.2355028488	0.2045681170	0.2059587189	0.1709067355	0.2291343313	0.2413996434	0.2082092216	0.2227821817	0.2095163104	0.1232831945	0.1376187621	0.1359180200	0.1375135726	0.1274497749	0.1232482477	0.1416306789	0.1299202970	0.1308116632	0.1399254519	0.1814027619	0.0905225232	0.1158329230	0.1069036599	0.1307102617	0.1105170712	0.1884983784	0.0000000000	0.1010360909	0.1055923001
PEL_9	0.2348045795	0.2256607758	0.2016424417	0.1899237829	0.1698535257	0.2263885244	0.2347026027	0.2017802129	0.2172586661	0.1776176170	0.1086099838	0.1132637578	0.1497162979	0.1524548504	0.1252855540	0.1330549000	0.1428914172	0.1451342521	0.1368744371	0.1413652523	0.1461511440	0.0906030198	0.1186768910	0.1148127153	0.1288735565	0.1117708777	0.1630454639	0.1010360909	0.0000000000	0.1298817116
PEL_10	0.2272987753	0.2540196000	0.2411346924	0.2160834411	0.1915704533	0.2470239404	0.2527819115	0.2295009628	0.2367770751	0.2315804573	0.1273482745	0.1655449839	0.1905888503	0.1540192089	0.1484945055	0.1612990973	0.1509354758	0.1749784476	0.1707809463	0.1716549648	0.1913883948	0.0990628843	0.0913974423	0.0791591913	0.1314596492	0.1396928696	0.1809560545	0.1055923001	0.1298817116	0.0000000000

30
LWK_1	0.0000000000	0.2260029842	0.2140362819	0.2613161852	0.1566201563	0.2217364452	0.2413812508	0.2043680478	0.1886187872	0.1966887469	0.2374723529	0.2393559841	0.2515181617	0.1941505387	0.2113254363	0.2233404202	0.2144218126	0.2331081831	0.2417931980	0.2447512912	0.2747189396	0.2112043397	0.2258072650	0.2111162828	0.2333433600	0.2240690162	0.2600024032	0.2191683732	0.2231750566	0.2197078754
LWK_2	0.2260029842	0.0000000000	0.2063425092	0.1622970088	0.2463362907	0.2332068499	0.2011562342	0.1728061271	0.2321800585	0.2054748731	0.2410484827	0.2475127619	0.2561987102	0.2398007978	0.2410565184	0.2549867888	0.2501384537	0.2441988416	0.2624143064	0.2553995698	0.2642193482	0.2314273448	0.2472758453	0.2414191327	0.2420161164	0.2441359128	0.2493590972	0.2430312067	0.2240869148	0.2522289825
LWK_3	0.2140362819	0.2063425092	0.0000000000	0.2205111514	0.1756116672	0.2163547070	0.2351954860	0.2065843334	0.2150798720	0.1312170244	0.2016712580	0.1953711483	0.2075806066	0.2078820191	0.2068517789	0.2279010112	0.2174882278	0.2052221636	0.2050951743	0.2114489186	0.2404770075	0.2152555268	0.2267792396	0.2134784518	0.2128149422	0.2130469626	0.1987639466	0.1963680510	0.1935665310	0.2297203100
LWK_4	0.2613161852	0.1622970088	0.2205111514	0.0000000000	0.2242641102	0.2531660173	0.2020115152	0.1770064189	0.2502859595	0.1887602371	0.1852101275	0.1863659341	0.2112395052	0.1969957039	0.1802892876	0.2179960214	0.2079080885	0.1957096762	0.2070561047	0.2060735803	0.2329235802	0.1922528338	0.2014720299	0.1839560929	0.2061788552	0.1880439620	0.2301300071	0.2046487461	0.1857208156	0.2098657430
LWK_5	0.1566201563	0.2463362907	0.1756116672	0.2242641102	0.0000000000	0.2198990174	0.2334397366	0.1980396208	0.2092450377	0.1742301546	0.1706451519	0.1809032343	0.2018756325	0.1771894665	0.1870246528	0.2026555885	0.1809529900	0.1976498510	0.1978954757	0.2015993724	0.2110166016	0.1746170647	0.1785614058	0.1624276678	0.1580970282	0.1625368502	0.1924483074	0.1652514196	0.1618935085	0.1824806005
LWK_6	0.2217364452	0.2332068499	0.2163547070	0.2531660173	0.2198990174	0.0000000000	0.2589709561	0.2320327850	0.2368640813	0.2077122732	0.2389345825	0.2361349812	0.2347957824	0.2317261860	0.2193802029	0.2437411189	0.2294138799	0.2346983165	0.2274090341	0.2395523651	0.2910767117	0.2326338191	0.2590309922	0.2541034469	0.2536583553	0.2469883395	0.2469183269	0.2284087495	0.2315156140	0.2545131758
LWK_7	0.2413812508	0.2011562342	0.2351954860	0.2020115152	0.2334397366	0.2589709561	0.0000000000	0.1491459680	0.2569438599	0.2012660050	0.2478868089	0.2453306232	0.2638058109	0.2370052288	0.2454889962	0.2358676774	0.2529230168	0.2516344601	0.2569466019	0.2615427676	0.2844491943	0.2368387240	0.2507362040	0.2402891653	0.2517159893	0.2435682579	0.2699632746	0.2415003573	0.2384236022	0.2517543685
LWK_8	0.2043680478	0.1728061271	0.2065843334	0.1770064189	0.1980396208	0.2320327850	0.1491459680	0.0000000000	0.2291015202	0.1552973739	0.2170531463	0.2290725411	0.2375831088	0.2122976187	0.2239203858	0.2248712578	0.2293810253	0.2262330856	0.2322247034	0.2366740905	0.2583022283	0.1933431039	0.2174544194	0.2163165084	0.2208918152	0.2012280046	0.2401532378	0.2088303613	0.2042368335	0.2257976489
LWK_9	0.1886187872	0.2321800585	0.2150798720	0.2502859595	0.2092450377	0.2368640813	0.2569438599	0.2291015202	0.0000000000	0.1778044845	0.2316602212	0.2091361333	0.2431810854	0.2274298512	0.2223709965	0.2405023429	0.2403857502	0.2316279258	0.2342960036	0.2422159553	0.2663734911	0.2079027412	0.2233417726	0.2217726932	0.2263756849	0.2119376894	0.2511117663	0.2146391942	0.2086068338	0.2292106849
LWK_10	0.1966887469	0.2054748731	0.1312170244	0.1887602371	0.1742301546	0.2077122732	0.2012660050	0.1552973739	0.1778044845	0.0000000000	0.1982400931	0.1753158926	0.2152869738	0.2006263828	0.1965329816	0.2250886818	0.2159281770	0.2103500011	0.2104597566	0.2189185417	0.2259557087	0.1908394749	0.2094742466	0.1940089610	0.2011605737	0.1834928285	0.2072397162	0.1964571837	0.1689011061	0.2198158805
TSI_1	0.2374723529	0.2410484827	0.2016712580	0.1852101275	0.1706451519	0.2389345825	0.2478868089	0.2170531463	0.2316602212	0.1982400931	0.0000000000	0.1177678938	0.1406236154	0.1557810931	0.1090635707	0.1524225346	0.1356686743	0.1325251591	0.1303561224	0.1286268292	0.1652503306	0.1175978640	0.0979800441	0.0943066971	0.0986740964	0.1097933575	0.1520032174	0.1217932006	0.1049330675	0.1217165938
TSI_2	0.2393559841	0.2475127619	0.1953711483	0.1863659341	0.1809032343	0.2361349812	0.2453306232	0.2290725411	0.2091361333	0.1753158926	0.1177678938	0.0000000000	0.1075987080	0.1470279781	0.1094247260	0.1357677287	0.1264212116	0.1188511540	0.1026800160	0.1183179769	0.1694866593	0.1262433650	0.1287080303	0.1283528003	0.1284349569	0.1096119381	0.1399550097	0.1313424661	0.1040621227	0.1511109887
TSI_3	0.2515181617	0.2561987102	0.2075806066	0.2112395052	0.2018756325	0.2347957824	0.2638058109	0.2375831088	0.2431810854	0.2152869738	0.1406236154	0.1075987080	0.0000000000	0.1289209224	0.1019550334	0.0864012055	0.1154394179	0.0842328292	0.0751385122	0.0944277614	0.2018268016	0.1559142900	0.1717807760	0.1650251659	0.1723254255	0.1566010148	0.1614976858	0.1281993932	0.1410969166	0.1736486096
TSI_4	0.1941505387	0.2398007978	0.2078820191	0.1969957039	0.1771894665	0.2317261860	0.2370052288	0.2122976187	0.2274298512	0.2006263828	0.1557810931	0.1470279781	0.1289209224	0.0000000000	0.1097775315	0.0844503575	0.1197539602	0.0949839797	0.1177707128	0.1304348106	0.2131866300	0.1315275472	0.1564420991	0.1347467704	0.1766328010	0.1605189334	0.1618938885	0.1293560396	0.1409741490	0.1443821214
TSI_5	0.2113254363	0.2410565184	0.2068517789	0.1802892876	0.1870246528	0.2193802029	0.2454889962	0.2239203858	0.2223709965	0.1965329816	0.1090635707	0.1094247260	0.1019550334	0.1097775315	0.0000000000	0.1023506025	0.1084108851	0.0985866071	0.1019929683	0.1131094783	0.1822037212	0.1236621289	0.1435237679	0.1224998353	0.1533765649	0.1336935232	0.1499748823	0.1198290674	0.1150057621	0.1397716633
TSI_6	0.2233404202	0.2549867888	0.2279010112	0.2179960214	0.2026555885	0.2437411189	0.2358676774	0.2248712578	0.2405023429	0.2250886818	0.1524225346	0.1357677287	0.0864012055	0.0844503575	0.1023506025	0.0000000000	0.1179917876	0.0861779197	0.0857894809	0.1011102972	0.2105852683	0.1340806354	0.1685519982	0.1496532057	0.1835453045	0.1613487915	0.1661219787	0.1225226205	0.1269382286	0.1531588440
TSI_7	0.2144218126	0.2501384537	0.2174882278	0.2079080885	0.1809529900	0.2294138799	0.2529230168	0.2293810253	0.2403857502	0.2159281770	0.1356686743	0.1264212116	0.1154394179	0.1197539602	0.1084108851	0.1179917876	0.0000000000	0.1176100487	0.0958084730	0.1075325423	0.1946063794	0.1431812884	0.1517471314	0.1356451468	0.1568080044	0.1558751536	0.1794696485	0.1399500438	0.1358750080	0.1379116588
TSI_8	0.2331081831	0.2441988416	0.2052221636	0.1957096762	0.1976498510	0.2346983165	0.2516344601	0.2262330856	0.2316279258	0.2103500011	0.1325251591	0.1188511540	0.0842328292	0.0949839797	0.0985866071	0.0861779197	0.1176100487	0.0000000000	0.0834252204	0.0913821392	0.2047077618	0.1387710933	0.1620441271	0.1501833991	0.1687439758	0.1511877239	0.1652291610	0.1183992112	0.1332470129	0.1579568268
TSI_9	0.2417931980	0.2624143064	0.2050951743	0.2070561047	0.1978954757	0.2274090341	0.2569466019	0.2322247034	0.2342960036	0.2104597566	0.1303561224	0.1026800160	0.0751385122	0.1177707128	0.1019929683	0.0857894809	0.0958084730	0.0834252204	0.0000000000	0.0693901089	0.2073425283	0.1384347589	0.1657446963	0.1490884414	0.1724024435	0.1541246786	0.1804659270	0.1254863653	0.1303649956	0.1558522042
TSI_10	0.2447512912	0.2553995698	0.2114489186	0.2060735803	0.2015993724	0.2395523651	0.2615427676	0.2366740905	0.2422159553	0.2189185417	0.1286268292	0.1183179769	0.0944277614	0.1304348106	0.1131094783	0.1011102972	0.1075325423	0.0913821392	0.0693901089	0.0000000000	0.2043578304	0.1410993493	0.1698938292	0.1548382033	0.1725095757	0.1656913871	0.1852908225	0.1354198811	0.1358120479	0.1605808258
PEL_1	0.2747189396	0.2642193482	0.2404770075	0.2329235802	0.2110166016	0.2910767117	0.2844491943	0.2583022283	0.2663734911	0.2259557087	0.1652503306	0.1694866593	0.2018268016	0.2131866300	0.1822037212	0.2105852683	0.1946063794	0.2047077618	0.2073425283	0.2043578304	0.0000000000	0.1666546163	0.1506392163	0.1555055300	0.1430798448	0.1478089562	0.1855603728	0.1788487345	0.1453564368	0.1729708482
PEL_2	0.2112043397	0.2314273448	0.2152555268	0.1922528338	0.1746170647	0.2326338191	0.2368387240	0.1933431039	0.2079027412	0.1908394749	0.1175978640	0.1262433650	0.1559142900	0.1315275472	0.1236621289	0.1340806354	0.1431812884	0.1387710933	0.1384347589	0.1410993493	0.1666546163	0.0000000000	0.1021841740	0.1115703646	0.1142766841	0.1142875739	0.1918878511	0.0914121912	0.0841090670	0.0843178068
PEL_3	0.2258072650	0.2472758453	0.2267792396	0.2014720299	0.1785614058	0.2590309922	0.2507362040	0.2174544194	0.2233417726	0.2094742466	0.0979800441	0.1287080303	0.1717807760	0.1564420991	0.1435237679	0.1685519982	0.1517471314	0.1620441271	0.1657446963	0.1698938292	0.1506392163	0.1021841740	0.0000000000	0.0686390174	0.0750740974	0.0744426529	0.1584755425	0.1119777791	0.1050955964	0.0776626099
PEL_4	0.2111162828	0.2414191327	0.2134784518	0.1839560929	0.1624276678	0.2541034469	0.2402891653	0.2163165084	0.2217726932	0.1940089610	0.0943066971	0.1283528003	0.1650251659	0.1347467704	0.1224998353	0.1496532057	0.1356451468	0.1501833991	0.1490884414	0.1548382033	0.1555055300	0.1115703646	0.0686390174	0.0000000000	0.0996500143	0.0916303814	0.1617591529	0.1032658849	0.1051571581	0.0729764363
PEL_5	0.2333433600	0.2420161164	0.2128149422	0.2061788552	0.1580970282	0.2536583553	0.2517159893	0.2208918152	0.2263756849	0.2011605737	0.0986740964	0.1284349569	0.1723254255	0.1766328010	0.1533765649	0.1835453045	0.1568080044	0.1687439758	0.1724024435	0.1725095757	0.1430798448	0.1142766841	0.0750740974	0.0996500143	0.0000000000	0.0690047930	0.1465812061	0.1234529748	0.1227118758	0.1122025441
PEL_6	0.2240690162	0.2441359128	0.2130469626	0.1880439620	0.1625368502	0.2469883395	0.2435682579	0.2012280046	0.2119376894	0.1834928285	0.1097933575	0.1096119381	0.1566010148	0.1605189334	0.1336935232	0.1613487915	0.1558751536	0.1511877239	0.1541246786	0.1656913871	0.1478089562	0.1142875739	0.0744426529	0.0916303814	0.0690047930	0.0000000000	0.1487040000	0.1022983246	0.1060604927	0.1213702750
PEL_7	0.2600024032	0.2493590972	0.1987639466	0.2301300071	0.1924483074	0.2469183269	0.2699632746	0.2401532378	0.2511117663	0.2072397162	0.1520032174	0.1399550097	0.1614976858	0.1618938885	0.1499748823	0.1661219787	0.1794696485	0.1652291610	0.1804659270	0.1852908225	0.1855603728	0.1918878511	0.1584755425	0.1617591529	0.1465812061	0.1487040000	0.0000000000	0.1825831760	0.1533931505	0.1714368346
PEL_8	0.2191683732	0.2430312067	0.1963680510	0.2046487461	0.1652514196	0.2284087495	0.2415003573	0.2088303613	0.2146391942	0.1964571837	0.1217932006	0.1313424661	0.1281993932	0.1293560396	0.1198290674	0.1225226205	0.1399500438	0.1183992112	0.1254863653	0.1354198811	0.1788487345	0.0914121912	0.1119777791	0.1032658849	0.1234529748	0.1022983246	0.1825831760	0.0000000000	0.1069930293	0.1011769467
PEL_9	0.2231750566	0.2240869148	0.1935665310	0.1857208156	0.1618935085	0.2315156140	0.2384236022	0.2042368335	0.2086068338	0.1689011061	0.1049330675	0.1040621227	0.1410969166	0.1409741490	0.1150057621	0.1269382286	0.1358750080	0.1332470129	0.1303649956	0.1358120479	0.1453564368	0.0841090670	0.1050955964	0.1051571581	0.1227118758	0.1060604927	0.1533931505	0.1069930293	0.0000000000	0.1161937627
PEL_10	0.2197078754	0.2522289825	0.2297203100	0.2098657430	0.1824806005	0.2545131758	0.2517543685	0.2257976489	0.2292106849	0.2198158805	0.1217165938	0.1511109887	0.1736486096	0.1443821214	0.1397716633	0.1531588440	0.1379116588	0.1579568268	0.1558522042	0.1605808258	0.1729708482	0.0843178068	0.0776626099	0.0729764363	0.1122025441	0.1213702750	0.1714368346	0.1011769467	0.1161937627	0.0000000000

30
LWK_1	0.0000000000	0.2228153918	0.2323926389	0.2476114088	0.1524880473	0.2056566293	0.2158728789	0.1886579632	0.1888171867	0.2064159810	0.2376725228	0.2613301879	0.2660535430	0.2013192489	0.2169788310	0.2328323617	0.2272730722	0.2526553863	0.2656807619	0.2566802558	0.2722020081	0.2008737189	0.2125500114	0.2074671762	0.2313104823	0.2327000232	0.2786195095	0.2156002558	0.2238846733	0.2157955585
LWK_2	0.2228153918	0.0000000000	0.1972151191	0.1486521292	0.2324276209	0.2063544495	0.1981955267	0.1693234103	0.2114330661	0.1904188174	0.2106115735	0.2272583534	0.2391611903	0.2406655663	0.2131002307	0.2451354718	0.2463577131	0.2364761614	0.2482190854	0.2371900154	0.2405090512	0.2084772904	0.2193132603	0.2239625787	0.2107491218	0.2196258798	0.2435853278	0.2149030788	0.1936546998	0.2379092895
LWK_3	0.2323926389	0.1972151191	0.0000000000	0.2099345452	0.1952648903	0.2150431887	0.2352741390	0.2027928988	0.2208212457	0.1413398196	0.2041104549	0.1946287277	0.2041513523	0.2215541914	0.2033590995	0.2255786718	0.2175405428	0.1998955203	0.2043601512	0.2031300684	0.2430157928	0.2072948835	0.2301943902	0.2274852862	0.2107091305	0.2202103150	0.2210090209	0.1819110325	0.1845252100	0.2304290858
LWK_4	0.2476114088	0.1486521292	0.2099345452	0.0000000000	0.2081640390	0.2358127996	0.1964259828	0.1842267898	0.2318135576	0.1860593750	0.1786410171	0.1921311416	0.2138471742	0.2054416850	0.1785362565	0.2192928538	0.2084720724	0.1967360243	0.2118258788	0.2017739525	0.2225114066	0.1903730757	0.1903774686	0.1868424155	0.1891957350	0.1901254537	0.2360801396	0.1933071077	0.1645482323	0.2020884855
LWK_5	0.1524880473	0.2324276209	0.1952648903	0.2081640390	0.0000000000	0.2011190586	0.2100587535	0.1878637240	0.2033844375	0.1868196681	0.1811308174	0.2068277867	0.2223360536	0.1888337098	0.1913770885	0.2166951464	0.1900589425	0.2192147264	0.2247632594	0.2209938094	0.2170004041	0.1725102881	0.1670021308	0.1653316695	0.1689342043	0.1706596852	0.2167725088	0.1657151046	0.1662279462	0.1861833908
LWK_6	0.2056566293	0.2063544495	0.2150431887	0.2358127996	0.2011190586	0.0000000000	0.2392621926	0.2064895994	0.2197154607	0.1925132296	0.2255236675	0.2483450140	0.2526310593	0.2557446411	0.2227099933	0.2649606238	0.2499080014	0.2500175697	0.2489064303	0.2488235222	0.2796488968	0.2206938094	0.2401071876	0.2519073746	0.2377577645	0.2378898319	0.2611748888	0.2186817638	0.2195972614	0.2534191615
LWK_7	0.2158728789	0.1981955267	0.2352741390	0.1964259828	0.2100587535	0.2392621926	0.0000000000	0.1509269733	0.2341069070	0.1932762280	0.2365398435	0.2429850742	0.2636737555	0.2302689206	0.2337046565	0.2322650671	0.2486568048	0.2505879153	0.2600067691	0.2523714215	0.2792632364	0.2143840975	0.2351239840	0.2355121090	0.2314548385	0.2321631631	0.2694748203	0.2321539645	0.2201936446	0.2426401786
LWK_8	0.1886579632	0.1693234103	0.2027928988	0.1842267898	0.1878637240	0.2064895994	0.1509269733	0.0000000000	0.2083888258	0.1578115708	0.2107170140	0.2375740906	0.2433645061	0.2251535841	0.2183352563	0.2288202407	0.2405234357	0.2350609899	0.2374736522	0.2376917272	0.2554317855	0.1859347425	0.2134715942	0.2243050934	0.2149817438	0.2032324174	0.2574300980	0.2015322587	0.1915945603	0.2260210793
LWK_9	0.1888171867	0.2114330661	0.2208212457	0.2318135576	0.2033844375	0.2197154607	0.2341069070	0.2083888258	0.0000000000	0.1883091231	0.2284037707	0.2265060964	0.2498320909	0.2268815727	0.2192505964	0.2365083752	0.2452081733	0.2386901886	0.2438820649	0.2466703376	0.2600673268	0.1922874784	0.2167646772	0.2279681041	0.2124547936	0.2077210530	0.2550026490	0.2042118632	0.1967958229	0.2272357738
LWK_10	0.2064159810	0.1904188174	0.1413398196	0.1860593750	0.1868196681	0.1925132296	0.1932762280	0.1578115708	0.1883091231	0.0000000000	0.2029132020	0.1915765770	0.2330767940	0.2213219320	0.1971687029	0.2366675912	0.2415828038	0.2198667224	0.2318778540	0.2330087614	0.2273047297	0.1915228315	0.2146709579	0.2151110376	0.2030344332	0.1959414112	0.2142941623	0.2055044254	0.1681489826	0.2359436944
TSI_1	0.2376725228	0.2106115735	0.2041104549	0.1786410171	0.1811308174	0.2255236675	0.2365398435	0.2107170140	0.2284037707	0.2029132020	0.0000000000	0.1206238931	0.1440002296	0.1676275962	0.1103952932	0.1445696735	0.1418127240	0.1327457549	0.1382550387	0.1292575497	0.1625975241	0.1236250523	0.1047670639	0.1147143678	0.1068664518	0.1115706731	0.1477330030	0.1247694743	0.0909303014	0.1335979808
TSI_2	0.2613301879	0.2272583534	0.1946287277	0.1921311416	0.2068277867	0.2483450140	0.2429850742	0.2375740906	0.2265060964	0.1915765770	0.1206238931	0.0000000000	0.1147489747	0.1707381179	0.1211599735	0.1479042290	0.1404700402	0.1294501778	0.1169989326	0.1279482509	0.1722924527	0.1363398084	0.1414539718	0.1531567546	0.1351356253	0.1244182218	0.1430229732	0.1383127277	0.1057474775	0.1733173033
TSI_3	0.2660535430	0.2391611903	0.2041513523	0.2138471742	0.2223360536	0.2526310593	0.2636737555	0.2433645061	0.2498320909	0.2330767940	0.1440002296	0.1147489747	0.0000000000	0.1422909260	0.1130501010	0.0870089870	0.1110535856	0.0886647093	0.0793864446	0.0982363369	0.2130700897	0.1678292081	0.1825857916	0.1896684239	0.1778803382	0.1689708555	0.1646186134	0.1367642847	0.1432372281	0.1929440416
TSI_4	0.2013192489	0.2406655663	0.2215541914	0.2054416850	0.1888337098	0.2557446411	0.2302689206	0.2251535841	0.2268815727	0.2213219320	0.1676275962	0.1707381179	0.1422909260	0.0000000000	0.1136033640	0.0875404852	0.1331249987	0.1095185538	0.1389390051	0.1481550062	0.2223157364	0.1377342081	0.1612984565	0.1473486159	0.1869588505	0.1827333635	0.1742461416	0.1462660175	0.1530819387	0.1451170602
TSI_5	0.2169788310	0.2131002307	0.2033590995	0.1785362565	0.1913770885	0.2227099933	0.2337046565	0.2183352563	0.2192505964	0.1971687029	0.1103952932	0.1211599735	0.1130501010	0.1136033640	0.0000000000	0.1087912894	0.1150600730	0.1039313107	0.1169994055	0.1256215504	0.1780437027	0.1242421284	0.1466790895	0.1407662854	0.1553530990	0.1412200749	0.1493903304	0.1230868216	0.1059349276	0.1468866905
TSI_6	0.2328323617	0.2451354718	0.2255786718	0.2192928538	0.2166951464	0.2649606238	0.2322650671	0.2288202407	0.2365083752	0.2366675912	0.1445696735	0.1479042290	0.0870089870	0.0875404852	0.1087912894	0.0000000000	0.1157125764	0.0881620222	0.0956670667	0.1067944324	0.2167376530	0.1383786230	0.1691685811	0.1614632603	0.1867277119	0.1693477136	0.1644329327	0.1232398412	0.1335504977	0.1573571305
TSI_7	0.2272730722	0.2463577131	0.2175405428	0.2084720724	0.1900589425	0.2499080014	0.2486568048	0.2405234357	0.2452081733	0.2415828038	0.1418127240	0.1404700402	0.1110535856	0.1331249987	0.1150600730	0.1157125764	0.0000000000	0.1220822736	0.1046417565	0.1115562170	0.2125196099	0.1592239799	0.1605372167	0.1553037289	0.1809657609	0.1775578655	0.1885508932	0.1480277306	0.1456266857	0.1517387122
TSI_8	0.2526553863	0.2364761614	0.1998955203	0.1967360243	0.2192147264	0.2500175697	0.2505879153	0.2350609899	0.2386901886	0.2198667224	0.1327457549	0.1294501778	0.0886647093	0.1095185538	0.1039313107	0.0881620222	0.1220822736	0.0000000000	0.0843559192	0.0929236500	0.2119569306	0.1521594522	0.1769692290	0.1727681038	0.1762580373	0.1699241732	0.1711902336	0.1282064088	0.1351077936	0.1711846810
TSI_9	0.2656807619	0.2482190854	0.2043601512	0.2118258788	0.2247632594	0.2489064303	0.2600067691	0.2374736522	0.2438820649	0.2318778540	0.1382550387	0.1169989326	0.0793864446	0.1389390051	0.1169994055	0.0956670667	0.1046417565	0.0843559192	0.0000000000	0.0770537462	0.2190826001	0.1541464104	0.1833468166	0.1812487216	0.1838789023	0.1729953148	0.1872669129	0.1369533907	0.1378228056	0.1791158196
TSI_10	0.2566802558	0.2371900154	0.2031300684	0.2017739525	0.2209938094	0.2488235222	0.2523714215	0.2376917272	0.2466703376	0.2330087614	0.1292575497	0.1279482509	0.0982363369	0.1481550062	0.1256215504	0.1067944324	0.1115562170	0.0929236500	0.0770537462	0.0000000000	0.2111959064	0.1473784798	0.1749811981	0.1723122472	0.1744039953	0.1806626223	0.1890023166	0.1400317408	0.1384426510	0.1710070417
PEL_1	0.2722020081	0.2405090512	0.2430157928	0.2225114066	0.2170004041	0.2796488968	0.2792632364	0.2554317855	0.2600673268	0.2273047297	0.1625975241	0.1722924527	0.2130700897	0.2223157364	0.1780437027	0.2167376530	0.2125196099	0.2119569306	0.2190826001	0.2111959064	0.0000000000	0.1687555176	0.1553680901	0.1622942661	0.1433249842	0.1481885546	0.1862697247	0.1812064855	0.1379888877	0.1922935294
PEL_2	0.2008737189	0.2084772904	0.2072948835	0.1903730757	0.1725102881	0.2206938094	0.2143840975	0.1859347425	0.1922874784	0.1915228315	0.1236250523	0.1363398084	0.1678292081	0.1377342081	0.1242421284	0.1383786230	0.1592239799	0.1521594522	0.1541464104	0.1473784798	0.1687555176	0.0000000000	0.1080638793	0.1205180481	0.1178209757	0.1181450906	0.1963908675	0.0904660029	0.0805611711	0.1041700227
PEL_3	0.2125500114	0.2193132603	0.2301943902	0.1903774686	0.1670021308	0.2401071876	0.2351239840	0.2134715942	0.2167646772	0.2146709579	0.1047670639	0.1414539718	0.1825857916	0.1612984565	0.1466790895	0.1691685811	0.1605372167	0.1769692290	0.1833468166	0.1749811981	0.1553680901	0.1080638793	0.0000000000	0.0694264960	0.0823114129	0.0789516721	0.1663247082	0.1172524877	0.1028438133	0.0923386564
PEL_4	0.2074671762	0.2239625787	0.2274852862	0.1868424155	0.1653316695	0.2519073746	0.2355121090	0.2243050934	0.2279681041	0.2151110376	0.1147143678	0.1531567546	0.1896684239	0.1473486159	0.1407662854	0.1614632603	0.1553037289	0.1727681038	0.1812487216	0.1723122472	0.1622942661	0.1205180481	0.0694264960	0.0000000000	0.1184626787	0.1060549096	0.1653804939	0.1167421031	0.1081383257	0.0665902863
PEL_5	0.2313104823	0.2107491218	0.2107091305	0.1891957350	0.1689342043	0.2377577645	0.2314548385	0.2149817438	0.2124547936	0.2030344332	0.1068664518	0.1351356253	0.1778803382	0.1869588505	0.1553530990	0.1867277119	0.1809657609	0.1762580373	0.1838789023	0.1744039953	0.1433249842	0.1178209757	0.0823114129	0.1184626787	0.0000000000	0.0709947934	0.1512267725	0.1293646083	0.1124627485	0.1455285186
PEL_6	0.2327000232	0.2196258798	0.2202103150	0.1901254537	0.1706596852	0.2378898319	0.2321631631	0.2032324174	0.2077210530	0.1959414112	0.1115706731	0.1244182218	0.1689708555	0.1827333635	0.1412200749	0.1693477136	0.1775578655	0.1699241732	0.1729953148	0.1806626223	0.1481885546	0.1181450906	0.0789516721	0.1060549096	0.0709947934	0.0000000000	0.1526229030	0.1101557371	0.0954504976	0.1409650166
PEL_7	0.2786195095	0.2435853278	0.2210090209	0.2360801396	0.2167725088	0.2611748888	0.2694748203	0.2574300980	0.2550026490	0.2142941623	0.1477330030	0.1430229732	0.1646186134	0.1742461416	0.1493903304	0.1644329327	0.1885508932	0.1711902336	0.1872669129	0.1890023166	0.1862697247	0.1963908675	0.1663247082	0.1653804939	0.1512267725	0.1526229030	0.0000000000	0.1923567608	0.1530095228	0.1810923024
PEL_8	0.2156002558	0.2149030788	0.1819110325	0.1933071077	0.1657151046	0.2186817638	0.2321539645	0.2015322587	0.2042118632	0.2055044254	0.1247694743	0.1383127277	0.1367642847	0.1462660175	0.1230868216	0.1232398412	0.1480277306	0.1282064088	0.1369533907	0.1400317408	0.1812064855	0.0904660029	0.1172524877	0.1167421031	0.1293646083	0.1101557371	0.1923567608	0.0000000000	0.0898998197	0.1121771506
PEL_9	0.2238846733	0.1936546998	0.1845252100	0.1645482323	0.1662279462	0.2195972614	0.2201936446	0.1915945603	0.1967958229	0.1681489826	0.0909303014	0.1057474775	0.1432372281	0.1530819387	0.1059349276	0.1335504977	0.1456266857	0.1351077936	0.1378228056	0.1384426510	0.1379888877	0.0805611711	0.1028438133	0.1081383257	0.1124627485	0.0954504976	0.1530095228	0.0898998197	0.0000000000	0.1225882959
PEL_10	0.2157955585	0.2379092895	0.2304290858	0.2020884855	0.1861833908	0.2534191615	0.2426401786	0.2260210793	0.2272357738	0.2359436944	0.1335979808	0.1733173033	0.1929440416	0.1451170602	0.1468866905	0.1573571305	0.1517387122	0.1711846810	0.1791158196	0.1710070417	0.1922935294	0.1041700227	0.0923386564	0.0665902863	0.1455285186	0.1409650166	0.1810923024	0.1121771506	0.1225882959	0.0000000000

30
LWK_1	0.0000000000	0.2050296542	0.2282944704	0.2499449137	0.1551921270	0.2217815067	0.2195997375	0.1956196547	0.1926699778	0.1938127147	0.2497319161	0.2733420365	0.2825073591	0.2148203016	0.2304007439	0.2412732232	0.2524722115	0.2684753521	0.2810065889	0.2717731909	0.2774409384	0.2249755472	0.2216420775	0.2098886819	0.2347621280	0.2281983490	0.2759377060	0.2252047643	0.2428777732	0.2263568728
LWK_2	0.2050296542	0.0000000000	0.2057757253	0.1653711470	0.2227230698	0.2064352575	0.2062546616	0.1669917459	0.2158300029	0.1992414631	0.2292427706	0.2484641650	0.2557857722	0.2496766814	0.2254877575	0.2614514001	0.2527380778	0.2476149312	0.2559168750	0.2504028344	0.2593314990	0.2158726209	0.2328883749	0.2293630511	0.2362317098	0.2428577367	0.2572980343	0.2166046030	0.2115789672	0.2310606982
LWK_3	0.2282944704	0.2057757253	0.0000000000	0.2233855135	0.1810087950	0.2182097269	0.2418421137	0.2081581732	0.2382687791	0.1434944899	0.2025030863	0.2117094810	0.2196519309	0.2355956352	0.2109158032	0.2427847262	0.2298361879	0.2177764708	0.2171337843	0.2247703813	0.2446888951	0.2176894407	0.2336864908	0.2201172249	0.2238911883	0.2275922187	0.2189793071	0.1966513720	0.1878094928	0.2356168358
LWK_4	0.2499449137	0.1653711470	0.2233855135	0.0000000000	0.1968704234	0.2273008917	0.2105920735	0.1863770380	0.2452051348	0.1884749790	0.1735246447	0.2000131887	0.2138188407	0.2053865772	0.1736593389	0.2266896792	0.2117828372	0.2023646109	0.2084147966	0.2056013192	0.2374172455	0.1895673811	0.1996550428	0.1813002683	0.2111975170	0.2032121657	0.2387735838	0.1923161285	0.1765284180	0.1951411914
LWK_5	0.1551921270	0.2227230698	0.1810087950	0.1968704234	0.0000000000	0.2082899860	0.2191877602	0.1841471979	0.2112759197	0.1711942367	0.1817218050	0.2060235644	0.2140350461	0.1837403421	0.1829722755	0.2127855992	0.1974866391	0.2083811811	0.2133155902	0.2166993815	0.2174168212	0.1717413786	0.1779808039	0.1614527838	0.1668326484	0.1710335170	0.2077759961	0.1559284879	0.1667621833	0.1786591832
LWK_6	0.2217815067	0.2064352575	0.2182097269	0.2273008917	0.2082899860	0.0000000000	0.2452458419	0.2081302458	0.2373867723	0.1948490819	0.2225651297	0.2393757689	0.2481147687	0.2478862446	0.2152920358	0.2677326530	0.2430195599	0.2429071118	0.2401623087	0.2484841091	0.2737530560	0.2217716471	0.2377161813	0.2402860709	0.2356830572	0.2397711409	0.2452041206	0.2243229943	0.2172432733	0.2368025315
LWK_7	0.2195997375	0.2062546616	0.2418421137	0.2105920735	0.2191877602	0.2452458419	0.0000000000	0.1577596174	0.2508195872	0.2079198483	0.2499079109	0.2694919186	0.2794858061	0.2373597204	0.2406170421	0.2395611511	0.2713188064	0.2628630127	0.2735888354	0.2766385265	0.2897506920	0.2315923899	0.2463410434	0.2349262075	0.2524302653	0.2461403171	0.2776359160	0.2363939303	0.2365858882	0.2388614661
LWK_8	0.1956196547	0.1669917459	0.2081581732	0.1863770380	0.1841471979	0.2081302458	0.1577596174	0.0000000000	0.2199599205	0.1588640036	0.2249721521	0.2495136818	0.2528958126	0.2279080257	0.2232098863	0.2351868537	0.2485758932	0.2442236509	0.2497582437	0.2490605116	0.2572890065	0.1840314332	0.2175971381	0.2217309346	0.2207366975	0.2135123465	0.2554279090	0.1971026351	0.1984197718	0.2159579016
LWK_9	0.1926699778	0.2158300029	0.2382687791	0.2452051348	0.2112759197	0.2373867723	0.2508195872	0.2199599205	0.0000000000	0.1956100294	0.2446084104	0.2433029891	0.2697645886	0.2494443220	0.2305207081	0.2597298637	0.2645707642	0.2601519144	0.2633918428	0.2639353779	0.2790067816	0.2102487368	0.2283761664	0.2341864601	0.2243479962	0.2184829471	0.2615286317	0.2170141370	0.2215515443	0.2293754140
LWK_10	0.1938127147	0.1992414631	0.1434944899	0.1884749790	0.1711942367	0.1948490819	0.2079198483	0.1588640036	0.1956100294	0.0000000000	0.2052937524	0.1983747998	0.2325457643	0.2290878854	0.1980627315	0.2389928361	0.2368192460	0.2244373729	0.2240520753	0.2361600935	0.2308180823	0.1883814850	0.2209362444	0.2113920021	0.2103074106	0.1945621709	0.2210411055	0.1950280271	0.1685536251	0.2230762779
