0.530440	0.052109	0.050660	-0.014320	0.075875	0.080659	0.054313	0.062583	0.086927	0.056038	-0.056931	-0.059999	-0.060616	0.003127	-0.026777	-0.035985	-0.024198	-0.046599	-0.063060	-0.050951	-0.037402	-0.031129	-0.025667	-0.018597	-0.041360	-0.036082	-0.036203	-0.044802	-0.055836	-0.021000	
0.052109	0.576184	0.058895	0.099066	-0.005889	0.067248	0.094752	0.098793	0.054558	0.057371	-0.044481	-0.045290	-0.047532	-0.040966	-0.044835	-0.050332	-0.048613	-0.045448	-0.057134	-0.045420	-0.016517	-0.039876	-0.051619	-0.047378	-0.042543	-0.049562	-0.017796	-0.043871	-0.037252	-0.048533	
0.050660	0.058895	0.521679	0.015804	0.036093	0.044056	0.037419	0.046694	0.040237	0.107117	-0.039283	-0.022614	-0.019938	-0.018460	-0.037108	-0.042705	-0.033205	-0.018616	-0.023197	-0.026273	-0.021048	-0.046063	-0.065979	-0.058046	-0.049579	-0.055837	0.002198	-0.033903	-0.032826	-0.055330	
-0.014320	0.099066	0.015804	0.463256	-0.014926	0.007199	0.050296	0.050328	0.003152	0.032243	-0.011981	-0.017514	-0.023918	-0.017288	-0.013456	-0.037440	-0.030395	-0.010775	-0.025246	-0.020303	-0.012981	-0.027082	-0.031749	-0.017661	-0.028971	-0.023668	-0.031724	-0.031850	-0.020344	-0.026126	
0.075875	-0.005889	0.036093	-0.014926	0.373459	0.036022	0.015726	0.026729	0.017373	0.032010	-0.017751	-0.033053	-0.046737	-0.016049	-0.026952	-0.039562	-0.020531	-0.043111	-0.041346	-0.040274	-0.001899	-0.018659	-0.011849	0.001533	0.002136	-0.003979	0.002265	-0.019329	-0.012574	-0.018022	
0.080659	0.067248	0.044056	0.007199	0.036022	0.594602	0.051485	0.058289	0.050180	0.053359	-0.038698	-0.037133	-0.036048	-0.027469	-0.022940	-0.051183	-0.022468	-0.041067	-0.033486	-0.033777	-0.034276	-0.030131	-0.051990	-0.050469	-0.042886	-0.044840	-0.013742	-0.041635	-0.042098	-0.049459	
0.054313	0.094752	0.037419	0.050296	0.015726	0.051485	0.513323	0.118320	0.038911	0.061228	-0.041489	-0.043209	-0.049063	-0.027439	-0.040256	-0.031923	-0.040344	-0.041004	-0.050694	-0.045589	-0.025003	-0.029400	-0.042454	-0.042899	-0.037466	-0.036194	-0.023529	-0.045919	-0.041743	-0.043495	
0.062583	0.098793	0.046694	0.050328	0.026729	0.058289	0.118320	0.454504	0.041959	0.074575	-0.040392	-0.056052	-0.052423	-0.030872	-0.050142	-0.037539	-0.042048	-0.045489	-0.048282	-0.042197	-0.031214	-0.013434	-0.045204	-0.049100	-0.046957	-0.036429	-0.037112	-0.029932	-0.026156	-0.044546	
0.086927	0.054558	0.040237	0.003152	0.017373	0.050180	0.038911	0.041959	0.450504	0.066555	-0.046083	-0.023495	-0.044152	-0.024992	-0.031149	-0.041256	-0.033103	-0.034777	-0.040365	-0.035628	-0.016882	-0.014833	-0.034147	-0.043734	-0.025904	-0.020731	-0.022885	-0.030409	-0.029365	-0.031213	
0.056038	0.057371	0.107117	0.032243	0.032010	0.053359	0.061228	0.074575	0.066555	0.413739	-0.047687	-0.021717	-0.045121	-0.028405	-0.034897	-0.051685	-0.051284	-0.039962	-0.050709	-0.051147	-0.009841	-0.029621	-0.052499	-0.051103	-0.034730	-0.023415	-0.003553	-0.046211	-0.019933	-0.053844	
-0.056931	-0.044481	-0.039283	-0.011981	-0.017751	-0.038698	-0.041489	-0.040392	-0.046083	-0.047687	0.235863	0.017532	0.006592	-0.019707	0.016215	-0.009158	-0.000372	0.002106	0.011822	0.019778	0.006895	0.013270	0.040071	0.027181	0.041022	0.031362	0.016199	0.010724	0.013629	0.021683	
-0.059999	-0.045290	-0.022614	-0.017514	-0.033053	-0.037133	-0.043209	-0.056052	-0.023495	-0.021717	0.017532	0.259400	0.043059	-0.024283	0.013079	-0.004319	0.007899	0.012650	0.038390	0.025881	0.011304	-0.002041	0.007037	-0.008278	0.024210	0.032482	0.032718	-0.002094	0.023352	-0.018199	
-0.060616	-0.047532	-0.019938	-0.023918	-0.046737	-0.036048	-0.049063	-0.052423	-0.044152	-0.045121	0.006592	0.043059	0.353996	0.021485	0.041648	0.084727	0.048035	0.082616	0.101142	0.079817	-0.021923	-0.036274	-0.038867	-0.042095	-0.035850	-0.029260	0.009016	-0.005198	-0.010011	-0.050109	
0.003127	-0.040966	-0.018460	-0.017288	-0.016049	-0.027469	-0.027439	-0.030872	-0.024992	-0.028405	-0.019707	-0.024283	0.021485	0.314246	0.041918	0.079833	0.030702	0.058576	0.030738	0.020201	-0.034860	0.005934	-0.035034	-0.000486	-0.053604	-0.047520	0.002814	0.003392	-0.012375	0.003964	
-0.026777	-0.044835	-0.037108	-0.013456	-0.026952	-0.022940	-0.040256	-0.050142	-0.031149	-0.034897	0.016215	0.013079	0.041648	0.041918	0.262701	0.042048	0.026684	0.038176	0.038651	0.026120	-0.015740	-0.001991	-0.022481	-0.007306	-0.028610	-0.017900	0.012024	0.001165	-0.002444	-0.004097	
-0.035985	-0.050332	-0.042705	-0.037440	-0.039562	-0.051183	-0.031923	-0.037539	-0.041256	-0.051685	-0.009158	-0.004319	0.084727	0.079833	0.042048	0.338768	0.042819	0.077808	0.066909	0.055066	-0.033368	-0.000854	-0.036975	-0.027936	-0.051985	-0.038976	-0.004377	0.021720	0.005088	-0.017843	
-0.024198	-0.048613	-0.033205	-0.030395	-0.020531	-0.022468	-0.040344	-0.042048	-0.033103	-0.051284	-0.000372	0.007899	0.048035	0.030702	0.026684	0.042819	0.279667	0.035841	0.061520	0.056023	-0.013745	-0.007014	-0.017314	-0.002650	-0.027214	-0.029790	-0.017750	0.002358	-0.002738	0.013062	
-0.046599	-0.045448	-0.018616	-0.010775	-0.043111	-0.041067	-0.041004	-0.045489	-0.034777	-0.039962	0.002106	0.012650	0.082616	0.058576	0.038176	0.077808	0.035841	0.285007	0.075110	0.066679	-0.028414	-0.013850	-0.039613	-0.031981	-0.041873	-0.035331	-0.006097	0.008117	-0.010083	-0.026090	
-0.063060	-0.057134	-0.023197	-0.025246	-0.041346	-0.033486	-0.050694	-0.048282	-0.040365	-0.050709	0.011822	0.038390	0.101142	0.030738	0.038651	0.066909	0.061520	0.075110	0.310739	0.092494	-0.033865	-0.011247	-0.042541	-0.037414	-0.037128	-0.032808	-0.019531	0.009953	-0.006168	-0.027876	
-0.050951	-0.045420	-0.026273	-0.020303	-0.040274	-0.033777	-0.045589	-0.042197	-0.035628	-0.051147	0.019778	0.025881	0.079817	0.020201	0.026120	0.055066	0.056023	0.066679	0.092494	0.300781	-0.024618	-0.003549	-0.035010	-0.027261	-0.032928	-0.039528	-0.019426	0.005113	-0.003672	-0.020016	
-0.037402	-0.016517	-0.021048	-0.012981	-0.001899	-0.034276	-0.025003	-0.031214	-0.016882	-0.009841	0.006895	0.011304	-0.021923	-0.034860	-0.015740	-0.033368	-0.013745	-0.028414	-0.033865	-0.024618	0.396219	0.000519	0.032425	0.023885	0.054732	0.039858	0.023309	-0.009239	0.032428	-0.000630	
-0.031129	-0.039876	-0.046063	-0.027082	-0.018659	-0.030131	-0.029400	-0.013434	-0.014833	-0.029621	0.013270	-0.002041	-0.036274	0.005934	-0.001991	-0.000854	-0.007014	-0.013850	-0.011247	-0.003549	0.000519	0.279458	0.030141	0.023251	0.016306	0.008882	-0.049809	0.052383	0.052543	0.063901	
-0.025667	-0.051619	-0.065979	-0.031749	-0.011849	-0.051990	-0.042454	-0.045204	-0.034147	-0.052499	0.040071	0.007037	-0.038867	-0.035034	-0.022481	-0.036975	-0.017314	-0.039613	-0.042541	-0.035010	0.032425	0.030141	0.323755	0.094093	0.099811	0.086916	0.004000	0.028890	0.014052	0.081680	
-0.018597	-0.047378	-0.058046	-0.017661	0.001533	-0.050469	-0.042899	-0.049100	-0.043734	-0.051103	0.027181	-0.008278	-0.042095	-0.000486	-0.007306	-0.027936	-0.002650	-0.031981	-0.037414	-0.027261	0.023885	0.023251	0.094093	0.302445	0.049597	0.057033	-0.004980	0.034472	0.010054	0.097055	
-0.041360	-0.042543	-0.049579	-0.028971	0.002136	-0.042886	-0.037466	-0.046957	-0.025904	-0.034730	0.041022	0.024210	-0.035850	-0.053604	-0.028610	-0.051985	-0.027214	-0.041873	-0.037128	-0.032928	0.054732	0.016306	0.099811	0.049597	0.379217	0.104299	0.030625	0.004695	0.015715	0.026833	
-0.036082	-0.049562	-0.055837	-0.023668	-0.003979	-0.044840	-0.036194	-0.036429	-0.020731	-0.023415	0.031362	0.032482	-0.029260	-0.047520	-0.017900	-0.038976	-0.029790	-0.035331	-0.032808	-0.039528	0.039858	0.008882	0.086916	0.057033	0.104299	0.328487	0.018653	0.022720	0.027474	0.007928	
-0.036203	-0.017796	0.002198	-0.031724	0.002265	-0.013742	-0.023529	-0.037112	-0.022885	-0.003553	0.016199	0.032718	0.009016	0.002814	0.012024	-0.004377	-0.017750	-0.006097	-0.019531	-0.019426	0.023309	-0.049809	0.004000	-0.004980	0.030625	0.018653	0.455180	-0.042429	-0.009266	-0.021200	
-0.044802	-0.043871	-0.033903	-0.031850	-0.019329	-0.041635	-0.045919	-0.029932	-0.030409	-0.046211	0.010724	-0.002094	-0.005198	0.003392	0.001165	0.021720	0.002358	0.008117	0.009953	0.005113	-0.009239	0.052383	0.028890	0.034472	0.004695	0.022720	-0.042429	0.270264	0.035706	0.050280	
-0.055836	-0.037252	-0.032826	-0.020344	-0.012574	-0.042098	-0.041743	-0.026156	-0.029365	-0.019933	0.013629	0.023352	-0.010011	-0.012375	-0.002444	0.005088	-0.002738	-0.010083	-0.006168	-0.003672	0.032428	0.052543	0.014052	0.010054	0.015715	0.027474	-0.009266	0.035706	0.268605	0.010540	
-0.021000	-0.048533	-0.055330	-0.026126	-0.018022	-0.049459	-0.043495	-0.044546	-0.031213	-0.053844	0.021683	-0.018199	-0.050109	0.003964	-0.004097	-0.017843	0.013062	-0.026090	-0.027876	-0.020016	-0.000630	0.063901	0.081680	0.097055	0.026833	0.007928	-0.021200	0.050280	0.010540	0.401405	
